date,text,retweets,replies,tweet_interactions
2010-06-04,1,121,37,158
2011-12-01,2,26,24,50
2011-12-03,2,29,2,31
2011-12-04,1,9,7,16
2011-12-21,7,637,36,673
2011-12-22,3,195,98,293
2011-12-24,3,3267,72,3339
2011-12-26,6,185,40,225
2011-12-27,1,34,4,38
2011-12-28,1,0,2,2
2011-12-29,5,33,19,52
2011-12-30,8,51224,2038,53262
2011-12-31,3,161,14,175
2012-01-01,7,78,24,102
2012-01-03,3,105,11,116
2012-01-06,3,116,38,154
2012-01-11,1,68,28,96
2012-01-12,3,135,31,166
2012-01-13,1,51,3,54
2012-01-14,2,23,5,28
2012-01-17,3,63,53,116
2012-01-18,1,445,195,640
2012-01-22,1,2,0,2
2012-01-23,1,9,15,24
2012-01-24,3,1303,184,1487
2012-01-27,1,103,12,115
2012-01-28,2,114,19,133
2012-01-31,1,32,14,46
2012-02-01,2,68,25,93
2012-02-02,1,47,31,78
2012-02-04,2,112,19,131
2012-02-05,1,3,9,12
2012-02-06,2,225,32,257
2012-02-07,1,6,1,7
2012-02-08,3,110,24,134
2012-02-09,2,157,48,205
2012-02-10,4,1159,211,1370
2012-02-12,1,21,30,51
2012-02-14,1,56,15,71
2012-02-17,1,29,4,33
2012-02-21,1,27,6,33
2012-02-22,1,168,9,177
2012-02-25,3,253,42,295
2012-02-28,1,131,17,148
2012-02-29,1,1,5,6
2012-03-02,1,19,6,25
2012-03-07,1,82,31,113
2012-03-11,2,27,34,61
2012-03-12,1,52,10,62
2012-03-13,1,38,6,44
2012-03-14,1,54,2,56
2012-03-15,2,293,42,335
2012-03-20,1,39,3,42
2012-03-22,1,28,3,31
2012-03-28,1,171,26,197
2012-03-31,2,11,15,26
2012-04-01,1,9,0,9
2012-04-03,2,358,53,411
2012-04-04,1,6,7,13
2012-04-05,2,64,11,75
2012-04-09,3,159,31,190
2012-04-11,1,39,31,70
2012-04-14,1,7,5,12
2012-04-18,1,687,114,801
2012-04-19,2,159,25,184
2012-04-21,1,21,5,26
2012-04-22,1,7,0,7
2012-04-23,2,221,48,269
2012-04-24,1,455,30,485
2012-04-30,4,531,92,623
2012-05-03,3,287,28,315
2012-05-05,2,144,27,171
2012-05-08,1,46,10,56
2012-05-09,1,103,23,126
2012-05-10,1,43,18,61
2012-05-11,3,249,68,317
2012-05-14,1,44,16,60
2012-05-19,2,746,141,887
2012-05-20,2,253,46,299
2012-05-22,9,3266,704,3970
2012-05-23,1,210,25,235
2012-05-24,4,3064,250,3314
2012-05-25,2,751,155,906
2012-05-31,4,1230,193,1423
2012-06-05,1,130,17,147
2012-06-14,2,72,22,94
2012-06-16,1,325,21,346
2012-06-18,2,511,107,618
2012-06-20,1,5,5,10
2012-06-22,2,341,70,411
2012-06-27,3,158,23,181
2012-06-28,1,47,9,56
2012-06-30,1,382,40,422
2012-07-01,2,82,72,154
2012-07-05,2,272,98,370
2012-07-07,1,297,82,379
2012-07-12,2,65,22,87
2012-07-14,1,125,56,181
2012-07-15,2,556,84,640
2012-07-17,1,88,31,119
2012-07-21,3,247,51,298
2012-07-23,2,616,41,657
2012-07-27,7,400,80,480
2012-07-31,3,2221,450,2671
2012-08-01,6,1025,247,1272
2012-08-03,3,503,91,594
2012-08-04,1,6,2,8
2012-08-13,1,32,75,107
2012-08-22,2,468,88,556
2012-08-25,1,814,34,848
2012-08-27,3,394,51,445
2012-08-29,2,269,21,290
2012-09-06,1,219,27,246
2012-09-13,1,326,20,346
2012-09-14,1,360,54,414
2012-09-17,1,293,91,384
2012-09-19,1,107,13,120
2012-09-22,1,191,38,229
2012-09-24,1,122,23,145
2012-09-25,1,874,77,951
2012-09-30,1,635,100,735
2012-10-01,2,181,30,211
2012-10-02,1,593,61,654
2012-10-03,1,5,8,13
2012-10-04,1,338,37,375
2012-10-07,1,114,15,129
2012-10-08,1,740,139,879
2012-10-11,1,347,36,383
2012-10-22,1,141,17,158
2012-10-28,5,678,192,870
2012-11-03,2,223,42,265
2012-11-06,1,46,13,59
2012-11-07,1,212,31,243
2012-11-12,1,102,16,118
2012-11-13,1,74,9,83
2012-11-16,2,175,47,222
2012-11-19,1,48,36,84
2012-11-20,5,427,110,537
2012-11-21,2,357,87,444
2012-11-22,2,174,34,208
2012-11-23,2,200,28,228
2012-11-24,1,2,1,3
2012-11-25,1,209,27,236
2012-11-27,3,1141,317,1458
2012-11-28,1,684,126,810
2012-11-29,1,2,3,5
2012-12-02,1,699,68,767
2012-12-04,1,708,124,832
2012-12-05,1,165,48,213
2012-12-09,2,296,73,369
2012-12-11,1,217,53,270
2012-12-12,7,361,92,453
2012-12-14,5,233,55,288
2012-12-17,1,338,20,358
2012-12-19,2,142,36,178
2012-12-24,4,906,137,1043
2012-12-25,2,3,5,8
2012-12-29,2,166,37,203
2013-01-04,2,457,67,524
2013-01-10,2,245,105,350
2013-01-15,1,177,42,219
2013-01-18,1,579,71,650
2013-01-26,1,207,35,242
2013-01-30,1,357,45,402
2013-02-04,3,1783,127,1910
2013-02-08,3,288,62,350
2013-02-09,1,222,60,282
2013-02-10,1,57,9,66
2013-02-11,6,1663,338,2001
2013-02-14,1,91,42,133
2013-02-15,2,150,44,194
2013-02-16,1,386,77,463
2013-02-18,1,96,34,130
2013-02-19,1,99,12,111
2013-02-23,1,9,6,15
2013-02-25,1,5,1,6
2013-02-26,1,252,25,277
2013-02-27,3,555,62,617
2013-03-01,15,5429,1021,6450
2013-03-02,1,331,60,391
2013-03-06,1,214,72,286
2013-03-08,9,576,230,806
2013-03-09,2,559,162,721
2013-03-10,1,206,46,252
2013-03-17,2,72,18,90
2013-03-19,1,232,40,272
2013-03-20,3,733,112,845
2013-03-23,9,663,266,929
2013-03-24,2,5,5,10
2013-03-25,2,1048,199,1247
2013-03-26,6,921,223,1144
2013-03-29,3,505,113,618
2013-03-30,3,681,162,843
2013-03-31,2,68,36,104
2013-04-01,4,641,175,816
2013-04-02,8,342,127,469
2013-04-03,2,200,65,265
2013-04-08,4,826,530,1356
2013-04-09,9,453,367,820
2013-04-10,2,54,25,79
2013-04-11,6,798,235,1033
2013-04-13,1,208,107,315
2013-04-17,2,516,103,619
2013-04-18,2,187,23,210
2013-04-21,1,128,12,140
2013-04-22,3,616,140,756
2013-04-23,8,1793,432,2225
2013-04-24,2,5,4,9
2013-04-25,5,449,154,603
2013-04-26,2,1,5,6
2013-04-28,1,439,87,526
2013-04-30,2,374,43,417
2013-05-01,5,3,8,11
2013-05-02,6,429,201,630
2013-05-03,13,224,118,342
2013-05-04,4,15,6,21
2013-05-05,4,16,7,23
2013-05-06,3,553,274,827
2013-05-07,5,513,223,736
2013-05-08,2,480,224,704
2013-05-09,4,513,390,903
2013-05-12,11,490,227,717
2013-05-13,5,65,46,111
2013-05-14,2,127,135,262
2013-05-15,1,18,7,25
2013-05-18,2,114,120,234
2013-05-19,2,4,5,9
2013-05-20,2,28,42,70
2013-05-22,1,1841,251,2092
2013-05-23,3,481,159,640
2013-05-24,6,1236,271,1507
2013-05-25,33,4019,2085,6104
2013-05-26,2,142,59,201
2013-05-30,2,674,250,924
2013-06-03,4,1780,297,2077
2013-06-05,1,1071,233,1304
2013-06-06,4,1022,270,1292
2013-06-08,2,235,69,304
2013-06-10,1,256,64,320
2013-06-12,2,324,159,483
2013-06-18,4,696,219,915
2013-06-19,1,122,136,258
2013-06-20,1,436,106,542
2013-06-21,2,221,85,306
2013-06-24,1,0,3,3
2013-06-25,3,3,10,13
2013-06-28,3,941,120,1061
2013-06-29,1,749,96,845
2013-06-30,1,50,25,75
2013-07-02,1,594,122,716
2013-07-06,1,1787,314,2101
2013-07-09,2,2242,212,2454
2013-07-10,2,556,49,605
2013-07-15,5,3170,641,3811
2013-07-23,1,856,237,1093
2013-07-24,1,326,40,366
2013-07-28,1,427,158,585
2013-08-01,1,471,46,517
2013-08-07,1,215,56,271
2013-08-12,3,8301,1255,9556
2013-08-14,1,1186,280,1466
2013-08-16,1,694,199,893
2013-08-20,1,2118,382,2500
2013-08-23,4,3835,838,4673
2013-08-24,1,328,70,398
2013-09-04,1,251,81,332
2013-09-05,2,2984,550,3534
2013-09-06,1,398,114,512
2013-09-07,1,897,283,1180
2013-09-10,3,1044,238,1282
2013-09-13,1,89,40,129
2013-09-15,1,136,53,189
2013-09-18,3,2888,466,3354
2013-09-19,2,1173,278,1451
2013-09-20,2,743,139,882
2013-09-25,2,637,129,766
2013-09-26,1,236,43,279
2013-09-27,1,646,86,732
2013-09-29,6,2967,669,3636
2013-10-04,1,1260,309,1569
2013-10-12,1,1847,398,2245
2013-10-26,1,272,134,406
2013-10-30,1,437,69,506
2013-11-02,1,350,58,408
2013-11-10,1,750,131,881
2013-11-12,1,1020,223,1243
2013-11-14,1,478,88,566
2013-11-19,4,6088,1818,7906
2013-11-21,1,692,122,814
2013-11-23,4,801,230,1031
2013-11-24,1,136,74,210
2013-11-26,1,306,116,422
2013-11-28,12,3184,697,3881
2013-11-29,1,45,28,73
2013-11-30,2,440,95,535
2013-12-02,4,1187,260,1447
2013-12-03,9,1435,455,1890
2013-12-04,1,2031,252,2283
2013-12-05,3,1243,184,1427
2013-12-10,1,190,46,236
2013-12-19,2,372,106,478
2013-12-21,2,1636,215,1851
2013-12-22,1,11,6,17
2013-12-25,1,3,1,4
2013-12-26,1,4,30,34
2014-01-06,2,419,108,527
2014-01-07,1,309,95,404
2014-01-23,1,567,184,751
2014-01-26,3,1676,304,1980
2014-01-30,1,1142,264,1406
2014-02-02,1,1244,228,1472
2014-02-07,1,533,89,622
2014-02-09,2,973,269,1242
2014-02-11,1,647,195,842
2014-02-14,1,166,28,194
2014-02-24,2,1369,213,1582
2014-02-25,2,1821,279,2100
2014-03-05,1,473,182,655
2014-03-07,1,16,26,42
2014-03-10,1,9,7,16
2014-03-11,2,1741,259,2000
2014-03-14,6,3405,652,4057
2014-03-17,1,1082,279,1361
2014-03-19,1,3,8,11
2014-03-25,1,11,11,22
2014-03-31,3,336,260,596
2014-04-01,1,681,124,805
2014-04-05,4,483,90,573
2014-04-07,7,822,253,1075
2014-04-08,3,1091,285,1376
2014-04-17,1,653,103,756
2014-04-18,9,3623,582,4205
2014-04-19,2,1437,308,1745
2014-04-24,2,641,94,735
2014-04-26,1,252,64,316
2014-04-29,6,1955,252,2207
2014-05-02,2,1615,350,1965
2014-05-08,1,557,142,699
2014-05-10,1,106,41,147
2014-05-14,2,3072,506,3578
2014-05-22,1,363,41,404
2014-05-23,8,3292,461,3753
2014-05-24,2,42,18,60
2014-05-25,1,1504,121,1625
2014-05-29,2,507,80,587
2014-05-31,1,556,115,671
2014-06-04,1,261,84,345
2014-06-11,1,4,7,11
2014-06-12,2,8687,1483,10170
2014-06-17,3,3591,504,4095
2014-06-19,1,722,181,903
2014-07-01,1,446,69,515
2014-07-10,2,724,131,855
2014-07-14,3,1598,318,1916
2014-07-19,1,136,99,235
2014-07-23,1,488,81,569
2014-07-26,1,110,168,278
2014-08-03,6,8573,1431,10004
2014-08-05,4,3398,311,3709
2014-08-15,3,2253,383,2636
2014-08-19,1,984,115,1099
2014-08-23,2,2572,599,3171
2014-08-25,4,543,191,734
2014-09-01,1,1262,194,1456
2014-09-07,4,5667,438,6105
2014-09-08,2,1499,158,1657
2014-09-09,2,1361,225,1586
2014-09-10,1,0,3,3
2014-09-11,1,1516,281,1797
2014-09-16,3,2748,343,3091
2014-09-20,2,355,103,458
2014-09-29,1,408,52,460
2014-10-02,2,13843,2485,16328
2014-10-09,1,1089,259,1348
2014-10-11,1,1295,223,1518
2014-10-16,1,1129,144,1273
2014-10-17,1,685,147,832
2014-10-18,1,564,66,630
2014-10-26,1,2084,454,2538
2014-10-28,3,1925,359,2284
2014-10-31,1,1174,79,1253
2014-11-04,1,618,102,720
2014-11-07,1,521,95,616
2014-11-11,2,2283,268,2551
2014-11-18,1,677,111,788
2014-11-19,2,3069,420,3489
2014-11-21,2,1194,169,1363
2014-11-22,4,1961,309,2270
2014-11-23,3,481,140,621
2014-11-24,1,120,102,222
2014-12-08,2,1087,449,1536
2014-12-19,4,2486,317,2803
2014-12-20,2,3116,395,3511
2014-12-25,1,1757,208,1965
2014-12-26,2,751,261,1012
2014-12-30,1,353,49,402
2014-12-31,1,4394,550,4944
2015-01-05,2,4420,467,4887
2015-01-06,3,2337,396,2733
2015-01-10,11,16385,2321,18706
2015-01-11,1,1585,172,1757
2015-01-12,1,3541,216,3757
2015-01-15,4,6824,782,7606
2015-01-16,6,8304,754,9058
2015-01-17,1,10,12,22
2015-01-20,1,2850,383,3233
2015-01-23,5,3504,491,3995
2015-01-26,5,6048,1319,7367
2015-01-28,1,1650,195,1845
2015-01-29,5,8344,1092,9436
2015-01-30,1,465,245,710
2015-02-08,4,6195,907,7102
2015-02-10,3,1605,554,2159
2015-02-11,8,11048,1798,12846
2015-02-12,1,1489,244,1733
2015-02-24,1,1688,188,1876
2015-02-26,1,1611,201,1812
2015-03-02,3,1593,268,1861
2015-03-07,1,623,132,755
2015-03-08,1,566,91,657
2015-03-11,1,973,146,1119
2015-03-12,3,13837,1911,15748
2015-03-13,3,2041,518,2559
2015-03-14,1,1768,316,2084
2015-03-15,1,1004,103,1107
2015-03-16,2,1277,303,1580
2015-03-17,3,2260,691,2951
2015-03-18,1,711,168,879
2015-03-21,4,1742,225,1967
2015-03-22,1,218,243,461
2015-03-23,2,2742,638,3380
2015-03-24,4,3574,829,4403
2015-03-30,1,6440,1035,7475
2015-03-31,2,2090,641,2731
2015-04-01,1,1677,377,2054
2015-04-04,1,1496,572,2068
2015-04-06,3,1325,279,1604
2015-04-09,1,416,69,485
2015-04-11,4,2653,564,3217
2015-04-12,1,5,2,7
2015-04-13,4,2922,734,3656
2015-04-14,3,15159,2561,17720
2015-04-15,4,18112,1898,20010
2015-04-18,2,1475,300,1775
2015-04-19,2,1024,250,1274
2015-04-23,1,50,31,81
2015-04-27,2,1702,383,2085
2015-04-29,1,4223,964,5187
2015-04-30,1,14,16,30
2015-05-01,2,1262,183,1445
2015-05-02,1,3061,348,3409
2015-05-03,2,2740,390,3130
2015-05-04,1,2447,187,2634
2015-05-05,1,1796,162,1958
2015-05-06,3,2718,444,3162
2015-05-12,6,3398,691,4089
2015-05-19,2,2653,305,2958
2015-05-22,3,1179,1046,2225
2015-05-27,1,1201,237,1438
2015-06-01,1,39,37,76
2015-06-12,1,141,53,194
2015-06-15,2,974,120,1094
2015-06-19,1,852,143,995
2015-06-23,1,824,143,967
2015-06-27,6,3004,418,3422
2015-06-28,6,9881,1740,11621
2015-06-29,1,2330,673,3003
2015-07-06,1,1047,223,1270
2015-07-17,1,779,143,922
2015-07-18,1,1187,224,1411
2015-07-27,1,53,20,73
2015-07-28,2,3244,394,3638
2015-07-30,2,114,15,129
2015-07-31,6,4107,585,4692
2015-08-06,1,2349,349,2698
2015-08-08,1,70,38,108
2015-08-16,1,890,144,1034
2015-08-17,1,1578,114,1692
2015-08-22,2,2303,338,2641
2015-09-02,6,7542,1088,8630
2015-09-12,2,3977,616,4593
2015-09-13,1,1192,160,1352
2015-09-14,3,4100,463,4563
2015-09-23,2,838,363,1201
2015-09-25,1,419,141,560
2015-09-27,1,1591,131,1722
2015-09-29,2,3782,379,4161
2015-09-30,1,758,233,991
2015-10-02,8,2429,475,2904
2015-10-03,1,1824,244,2068
2015-10-09,4,4536,745,5281
2015-10-10,2,1212,167,1379
2015-10-11,10,2545,374,2919
2015-10-14,2,21,10,31
2015-10-15,3,933,106,1039
2015-10-17,2,196,41,237
2015-10-19,1,847,179,1026
2015-10-21,12,2233,2652,4885
2015-10-22,3,91,154,245
2015-10-23,4,2543,373,2916
2015-10-25,7,1379,326,1705
2015-10-26,3,537,127,664
2015-10-27,1,235,91,326
2015-10-29,2,1333,181,1514
2015-10-30,1,6,2,8
2015-11-01,1,60,21,81
2015-11-02,1,33,16,49
2015-11-04,1,16,33,49
2015-11-08,1,32,18,50
2015-11-20,6,7828,1379,9207
2015-11-24,8,6007,679,6686
2015-12-02,1,332,115,447
2015-12-03,1,1576,183,1759
2015-12-04,1,25,10,35
2015-12-06,1,146,25,171
2015-12-09,1,700,61,761
2015-12-10,2,1324,217,1541
2015-12-11,1,3678,246,3924
2015-12-17,1,521,84,605
2015-12-18,11,2310,783,3093
2015-12-19,4,3085,597,3682
2015-12-20,1,1098,202,1300
2015-12-21,1,1818,229,2047
2015-12-22,8,52384,3768,56152
2016-01-01,1,4803,534,5337
2016-01-02,1,874,260,1134
2016-01-10,3,8981,1011,9992
2016-01-11,1,1127,127,1254
2016-01-12,2,2837,330,3167
2016-01-16,2,1567,322,1889
2016-01-17,10,12451,2286,14737
2016-01-18,2,8227,1288,9515
2016-01-19,1,1440,394,1834
2016-01-20,1,47,53,100
2016-01-23,1,268,72,340
2016-02-03,1,2338,970,3308
2016-02-05,1,1877,295,2172
2016-02-10,2,1945,247,2192
2016-02-11,6,4910,854,5764
2016-02-16,3,4355,575,4930
2016-02-17,1,13,14,27
2016-02-18,4,1709,354,2063
2016-02-19,3,8996,1081,10077
2016-02-20,1,747,34,781
2016-02-21,3,2018,282,2300
2016-02-23,1,53,18,71
2016-02-24,2,5054,498,5552
2016-02-27,4,40,20,60
2016-02-28,2,1130,227,1357
2016-02-29,1,1823,310,2133
2016-03-01,3,1618,238,1856
2016-03-02,4,2068,355,2423
2016-03-04,1,73,23,96
2016-03-05,3,6067,993,7060
2016-03-06,2,3797,337,4134
2016-03-09,3,2392,393,2785
2016-03-18,2,11,13,24
2016-03-19,1,11,12,23
2016-03-20,1,967,168,1135
2016-03-29,1,2556,616,3172
2016-03-30,5,6290,651,6941
2016-03-31,11,11034,1988,13022
2016-04-01,14,26707,2890,29597
2016-04-02,12,10662,2465,13127
2016-04-03,37,13569,4280,17849
2016-04-04,8,567,448,1015
2016-04-05,3,1707,280,1987
2016-04-06,6,394,186,580
2016-04-07,2,4365,670,5035
2016-04-08,7,5380,708,6088
2016-04-09,4,7079,1431,8510
2016-04-10,1,95,34,129
2016-04-11,3,1255,291,1546
2016-04-14,1,3074,224,3298
2016-04-17,4,3575,553,4128
2016-04-18,1,1025,165,1190
2016-04-20,5,4960,534,5494
2016-04-24,1,175,9,184
2016-04-27,5,5479,688,6167
2016-04-29,3,30,26,56
2016-04-30,17,1728,343,2071
2016-05-01,9,1510,306,1816
2016-05-02,2,3744,520,4264
2016-05-05,2,2343,462,2805
2016-05-06,6,17160,1809,18969
2016-05-07,4,473,224,697
2016-05-10,1,6,9,15
2016-05-12,5,4836,751,5587
2016-05-14,3,1517,258,1775
2016-05-15,2,4356,475,4831
2016-05-16,7,1245,348,1593
2016-05-17,1,10,3,13
2016-05-18,5,2467,313,2780
2016-05-19,1,792,95,887
2016-05-22,1,52,18,70
2016-05-25,1,1317,124,1441
2016-05-26,1,742,128,870
2016-05-27,4,3272,698,3970
2016-05-28,2,9899,747,10646
2016-05-29,1,1096,109,1205
2016-05-30,1,7,43,50
2016-06-01,1,1090,91,1181
2016-06-02,3,1560,400,1960
2016-06-03,3,17974,1135,19109
2016-06-04,7,7321,2657,9978
2016-06-05,3,4186,499,4685
2016-06-06,1,525,84,609
2016-06-07,1,2357,242,2599
2016-06-08,3,1980,286,2266
2016-06-09,2,5031,456,5487
2016-06-10,5,3454,1061,4515
2016-06-11,1,20,147,167
2016-06-12,8,6454,961,7415
2016-06-15,6,6601,1170,7771
2016-06-17,4,15837,1181,17018
2016-06-19,4,11004,1113,12117
2016-06-20,2,965,182,1147
2016-06-22,1,164,89,253
2016-06-27,4,1199,471,1670
2016-06-28,1,355,1028,1383
2016-06-29,4,1976,345,2321
2016-06-30,2,1660,408,2068
2016-07-05,5,1186,555,1741
2016-07-06,7,2248,351,2599
2016-07-08,4,2200,181,2381
2016-07-09,3,900,165,1065
2016-07-10,21,18402,2004,20406
2016-07-12,3,1568,307,1875
2016-07-13,1,1644,235,1879
2016-07-14,4,6627,571,7198
2016-07-15,11,2812,679,3491
2016-07-16,7,2127,750,2877
2016-07-17,12,6295,1029,7324
2016-07-18,8,11731,1837,13568
2016-07-19,3,2350,1055,3405
2016-07-20,9,4054,1733,5787
2016-07-21,6,20334,1678,22012
2016-07-22,1,1739,553,2292
2016-07-23,1,818,204,1022
2016-07-25,1,19,20,39
2016-07-26,3,7511,605,8116
2016-07-27,2,2611,353,2964
2016-07-28,1,568,86,654
2016-07-29,3,3974,652,4626
2016-07-30,7,9000,1026,10026
2016-07-31,2,134,70,204
2016-08-01,1,27,96,123
2016-08-07,1,2156,472,2628
2016-08-09,4,3454,479,3933
2016-08-10,1,2597,163,2760
2016-08-11,1,291,107,398
2016-08-14,1,1894,548,2442
2016-08-15,1,1229,227,1456
2016-08-22,1,2159,144,2303
2016-08-23,2,4918,919,5837
2016-08-28,2,147,64,211
2016-08-30,1,1949,147,2096
2016-08-31,5,2146,409,2555
2016-09-01,3,5736,1660,7396
2016-09-09,10,7648,2048,9696
2016-09-10,1,896,338,1234
2016-09-13,4,14714,804,15518
2016-09-16,6,2103,316,2419
2016-09-17,8,2315,2673,4988
2016-09-18,2,1632,283,1915
2016-09-19,1,14,29,43
2016-09-21,11,4522,781,5303
2016-09-22,4,8774,758,9532
2016-09-23,1,1270,143,1413
2016-09-26,9,14297,1034,15331
2016-09-27,6,11780,1461,13241
2016-09-28,4,353,116,469
2016-10-01,2,277,52,329
2016-10-02,6,3401,731,4132
2016-10-04,2,1840,377,2217
2016-10-05,2,1239,335,1574
2016-10-06,2,82,85,167
2016-10-07,3,2874,573,3447
2016-10-09,5,6138,931,7069
2016-10-10,8,15997,1564,17561
2016-10-13,1,30,22,52
2016-10-16,3,1963,717,2680
2016-10-18,1,210,55,265
2016-10-19,5,8387,1763,10150
2016-10-20,15,25498,3179,28677
2016-10-22,1,5732,443,6175
2016-10-23,2,1138,327,1465
2016-10-24,1,14,37,51
2016-10-26,2,2539,1005,3544
2016-10-27,4,3310,727,4037
2016-10-29,6,8666,1830,10496
2016-11-02,1,11,12,23
2016-11-03,4,3279,367,3646
2016-11-04,25,6966,1644,8610
2016-11-05,7,613,199,812
2016-11-06,1,5246,714,5960
2016-11-07,1,25,29,54
2016-11-15,1,2004,304,2308
2016-11-16,5,4580,786,5366
2016-11-17,2,2759,470,3229
2016-11-18,1,45,31,76
2016-11-19,7,8398,971,9369
2016-11-22,5,4752,835,5587
2016-11-23,2,25,106,131
2016-11-27,1,40,38,78
2016-12-01,1,5834,544,6378
2016-12-07,1,4594,651,5245
2016-12-08,1,2812,138,2950
2016-12-09,1,11891,800,12691
2016-12-11,2,250,262,512
2016-12-17,5,25621,5657,31278
2016-12-18,2,83,60,143
2016-12-21,1,3,11,14
2016-12-22,2,5338,932,6270
2016-12-23,9,872,273,1145
2016-12-24,15,6395,1059,7454
2016-12-30,2,683,159,842
2016-12-31,4,1559,627,2186
2017-01-05,1,3039,492,3531
2017-01-06,1,84,28,112
2017-01-07,1,26,16,42
2017-01-08,3,1595,398,1993
2017-01-10,1,32,36,68
2017-01-11,3,359,139,498
2017-01-12,8,2809,652,3461
2017-01-14,2,6614,1176,7790
2017-01-15,3,9526,805,10331
2017-01-16,6,1257,443,1700
2017-01-18,1,832,191,1023
2017-01-19,8,4222,479,4701
2017-01-21,6,2346,591,2937
2017-01-22,8,1025,313,1338
2017-01-23,1,30,13,43
2017-01-24,6,5323,769,6092
2017-01-25,14,20936,4392,25328
2017-01-27,2,5981,1258,7239
2017-01-28,2,3208,632,3840
2017-01-29,6,33196,6633,39829
2017-01-30,6,14466,2381,16847
2017-01-31,1,60,88,148
2017-02-02,1,46,53,99
2017-02-03,1,22714,4895,27609
2017-02-04,17,30147,6150,36297
2017-02-05,42,18990,5595,24585
2017-02-07,9,7944,1085,9029
2017-02-08,4,1492,347,1839
2017-02-09,1,8,13,21
2017-02-10,3,2125,403,2528
2017-02-11,1,85,51,136
2017-02-15,4,22256,1375,23631
2017-02-16,9,9916,2327,12243
2017-02-17,3,2129,559,2688
2017-02-18,11,7736,1712,9448
2017-02-19,3,36588,3090,39678
2017-02-23,1,853,219,1072
2017-02-24,5,100,103,203
2017-02-25,3,6511,1474,7985
2017-02-27,2,33612,3287,36899
2017-02-28,2,4200,375,4575
2017-03-02,1,8614,1083,9697
2017-03-06,3,5052,1525,6577
2017-03-10,3,6900,783,7683
2017-03-11,1,1329,218,1547
2017-03-12,10,6550,1764,8314
2017-03-13,1,84,51,135
2017-03-14,3,4742,536,5278
2017-03-16,1,18,66,84
2017-03-22,3,547,154,701
2017-03-23,1,31,34,65
2017-03-24,49,32866,6412,39278
2017-03-28,8,5799,1617,7416
2017-03-29,2,722,466,1188
2017-03-30,1,12384,1294,13678
2017-03-31,10,4181,1599,5780
2017-04-01,3,12353,1924,14277
2017-04-02,4,481,203,684
2017-04-03,3,3624,990,4614
2017-04-05,1,6139,405,6544
2017-04-07,3,1186,881,2067
2017-04-12,4,2053,915,2968
2017-04-13,4,16370,2161,18531
2017-04-17,2,27,69,96
2017-04-18,1,14,41,55
2017-04-23,2,336,441,777
2017-04-24,3,28,35,63
2017-04-27,1,8,13,21
2017-04-28,4,12485,2075,14560
2017-05-01,6,20782,2667,23449
2017-05-04,1,757,382,1139
2017-05-05,11,6181,17671,23852
2017-05-07,2,1541,1027,2568
2017-05-09,2,1493,582,2075
2017-05-10,10,10796,2256,13052
2017-05-11,4,1884,1368,3252
2017-05-12,8,7834,1720,9554
2017-05-13,5,7595,1983,9578
2017-05-14,6,5076,1490,6566
2017-05-16,2,2465,449,2914
2017-05-17,5,13781,2739,16520
2017-05-19,3,321,249,570
2017-05-21,1,8,31,39
2017-05-22,24,5059,1569,6628
2017-05-23,3,570,400,970
2017-05-24,5,118,104,222
2017-05-25,3,2488,537,3025
2017-05-26,3,3644,1350,4994
2017-05-27,2,91,51,142
2017-05-29,2,182,143,325
2017-05-31,6,19720,4940,24660
2017-06-01,5,251072,29765,280837
2017-06-02,1,431,138,569
2017-06-03,1,2028,663,2691
2017-06-04,4,11589,1576,13165
2017-06-05,9,4199,1054,5253
2017-06-06,12,20347,3033,23380
2017-06-07,9,5403,2219,7622
2017-06-08,34,11072,4480,15552
2017-06-09,24,22232,3358,25590
2017-06-10,2,1213,192,1405
2017-06-11,2,103,77,180
2017-06-13,4,4689,847,5536
2017-06-14,1,1080,254,1334
2017-06-16,5,18028,2222,20250
2017-06-17,3,4965,1318,6283
2017-06-18,11,8137,2250,10387
2017-06-19,1,17,31,48
2017-06-20,5,5503,946,6449
2017-06-21,3,4325,815,5140
2017-06-22,6,6176,1573,7749
2017-06-23,7,7962,2468,10430
2017-06-24,1,16,60,76
2017-06-25,18,12244,2950,15194
2017-06-26,2,5210,480,5690
2017-06-28,3,3352,955,4307
2017-06-29,14,35091,5909,41000
2017-06-30,8,6251,1853,8104
2017-07-02,6,4456,1543,5999
2017-07-03,4,24970,6416,31386
2017-07-04,1,1021,349,1370
2017-07-05,1,1017,495,1512
2017-07-06,2,3720,1311,5031
2017-07-07,1,8814,1375,10189
2017-07-08,2,1091,837,1928
2017-07-09,4,68471,7383,75854
2017-07-11,13,8787,3161,11948
2017-07-12,1,906,429,1335
2017-07-13,6,7046,1288,8334
2017-07-14,13,20645,4956,25601
2017-07-15,2,52,56,108
2017-07-17,6,5186,1169,6355
2017-07-19,1,499,158,657
2017-07-20,8,74897,9585,84482
2017-07-21,5,2888,777,3665
2017-07-22,2,156,87,243
2017-07-25,7,14734,2546,17280
2017-07-26,2,6280,1378,7658
2017-07-27,1,21,28,49
2017-07-28,5,5323,1278,6601
2017-07-29,8,5563,1195,6758
2017-07-30,10,9518,2424,11942
2017-07-31,4,10411,1396,11807
2017-08-01,1,3031,520,3551
2017-08-02,4,7965,1644,9609
2017-08-03,1,6102,693,6795
2017-08-04,1,718,347,1065
2017-08-05,5,24357,1541,25898
2017-08-06,8,4879,1991,6870
2017-08-10,1,304,163,467
2017-08-11,11,7047,1388,8435
2017-08-12,9,51066,6562,57628
2017-08-13,1,1869,746,2615
2017-08-14,6,6704,1841,8545
2017-08-18,3,3349,539,3888
2017-08-19,8,725,580,1305
2017-08-20,4,4969,964,5933
2017-08-21,3,5261,1717,6978
2017-08-22,4,6175,1243,7418
2017-08-23,6,22881,3420,26301
2017-08-25,12,7238,1870,9108
2017-08-26,2,132,98,230
2017-08-27,11,7039,1232,8271
2017-08-28,17,55301,7037,62338
2017-08-29,1,3523,881,4404
2017-08-30,4,408,314,722
2017-08-31,5,7334,1783,9117
2017-09-04,9,53044,7162,60206
2017-09-08,1,4050,1265,5315
2017-09-12,2,227,147,374
2017-09-13,2,14385,1870,16255
2017-09-14,4,11730,1435,13165
2017-09-15,1,32,28,60
2017-09-16,4,958,644,1602
2017-09-19,1,88,69,157
2017-09-20,1,3911,256,4167
2017-09-24,1,3135,626,3761
2017-09-25,3,3330,949,4279
2017-09-26,4,6409,1179,7588
2017-09-27,2,2647,1044,3691
2017-09-28,3,5747,803,6550
2017-09-29,7,37281,5838,43119
2017-10-02,2,131,89,220
2017-10-04,1,3270,1009,4279
2017-10-05,8,26926,3034,29960
2017-10-06,19,12346,3085,15431
2017-10-07,2,5243,940,6183
2017-10-08,6,7115,1600,8715
2017-10-09,1,1053,585,1638
2017-10-11,1,20,18,38
2017-10-12,9,2812,1356,4168
2017-10-14,2,2174,1009,3183
2017-10-15,1,1356,388,1744
2017-10-16,2,3999,440,4439
2017-10-18,2,3412,1051,4463
2017-10-19,8,7550,4053,11603
2017-10-20,2,362,120,482
2017-10-21,3,1891,373,2264
2017-10-24,3,6338,1867,8205
2017-10-26,4,9627,3576,13203
2017-10-28,2,8191,2433,10624
2017-11-07,1,361,167,528
2017-11-08,1,26467,1880,28347
2017-11-09,2,91275,3641,94916
2017-11-10,1,2495,424,2919
2017-11-12,2,28089,3720,31809
2017-11-13,1,1931,378,2309
2017-11-15,4,15014,3020,18034
2017-11-17,2,132294,11313,143607
2017-11-19,3,15120,4018,19138
2017-11-20,1,19,52,71
2017-11-21,1,1365,645,2010
2017-11-23,1,7464,1145,8609
2017-11-24,1,16,31,47
2017-11-25,1,363,411,774
2017-11-26,3,89466,6843,96309
2017-11-27,2,1553,209,1762
2017-11-28,5,43593,5361,48954
2017-11-30,7,10294,2268,12562
2017-12-02,7,25797,5364,31161
2017-12-03,13,10405,5659,16064
2017-12-07,1,21162,1856,23018
2017-12-08,3,4400,1121,5521
2017-12-11,5,14809,3811,18620
2017-12-12,1,1970,2521,4491
2017-12-13,2,19275,2728,22003
2017-12-14,4,1636,1463,3099
2017-12-15,5,6821,1551,8372
2017-12-16,2,1502,2089,3591
2017-12-17,3,132,89,221
2017-12-19,1,10020,1122,11142
2017-12-20,7,31642,4364,36006
2017-12-21,12,41826,9090,50916
2017-12-23,9,134490,13593,148083
2017-12-24,7,45625,11770,57395
2017-12-25,2,111,102,213
2017-12-26,12,15476,16343,31819
2017-12-27,1,68,114,182
2018-01-03,2,10003,4085,14088
2018-01-05,1,19512,2829,22341
2018-01-07,4,16851,4648,21499
2018-01-08,1,3144,807,3951
2018-01-09,2,240,211,451
2018-01-12,1,43,55,98
2018-01-13,1,98,83,181
2018-01-15,2,99,140,239
2018-01-18,1,45,119,164
2018-01-24,1,13720,2190,15910
2018-01-27,1,11014,1450,12464
2018-01-28,15,183431,21648,205079
2018-01-29,8,23026,4089,27115
2018-01-30,1,665,708,1373
2018-01-31,6,14257,3956,18213
2018-02-01,6,33087,6196,39283
2018-02-02,5,70539,5579,76118
2018-02-03,3,29615,5402,35017
2018-02-04,1,6237,682,6919
2018-02-05,8,47927,8349,56276
2018-02-06,13,317005,35853,352858
2018-02-07,5,63546,13033,76579
2018-02-11,3,14463,4845,19308
2018-02-12,14,1406,680,2086
2018-02-16,1,826,339,1165
2018-02-17,2,3879,2236,6115
2018-02-18,1,11865,1885,13750
2018-02-20,1,9405,661,10066
2018-02-21,5,12924,2457,15381
2018-02-22,13,31423,6749,38172
2018-02-24,1,984,372,1356
2018-02-25,2,788,269,1057
2018-02-27,6,16672,3982,20654
2018-02-28,1,51,53,104
2018-03-03,1,2842,1409,4251
2018-03-04,4,723,330,1053
2018-03-05,1,9734,1541,11275
2018-03-06,2,3388,669,4057
2018-03-07,5,19391,4208,23599
2018-03-08,6,34255,4655,38910
2018-03-09,11,53892,6987,60879
2018-03-10,4,5653,4444,10097
2018-03-11,3,32471,4649,37120
2018-03-12,1,20,61,81
2018-03-14,6,5646,3713,9359
2018-03-15,3,2804,734,3538
2018-03-18,1,138,94,232
2018-03-19,1,925,752,1677
2018-03-20,2,1678,963,2641
2018-03-21,2,4081,872,4953
2018-03-22,11,9384,2101,11485
2018-03-23,20,28942,4968,33910
2018-03-24,2,4220,989,5209
2018-03-25,1,2456,1266,3722
2018-03-26,8,10508,3116,13624
2018-03-27,3,12135,2744,14879
2018-03-28,4,9096,2812,11908
2018-03-30,4,3946,1866,5812
2018-03-31,4,7175,1885,9060
2018-04-01,9,55496,12275,67771
2018-04-02,9,6923,2329,9252
2018-04-04,3,4793,1601,6394
2018-04-05,2,2549,532,3081
2018-04-06,4,22368,3906,26274
2018-04-07,2,2515,742,3257
2018-04-08,9,2735,1090,3825
2018-04-09,3,5478,2031,7509
2018-04-10,2,295,239,534
2018-04-11,1,20,50,70
2018-04-12,2,409,259,668
2018-04-13,6,9358,1985,11343
2018-04-15,6,27090,6165,33255
2018-04-16,2,6177,2145,8322
2018-04-17,3,2961,2198,5159
2018-04-18,3,33938,2297,36235
2018-04-23,1,18,29,47
2018-04-25,4,99712,16033,115745
2018-04-26,2,8681,1050,9731
2018-04-27,1,1959,427,2386
2018-04-28,2,933,197,1130
2018-04-30,2,2961,1982,4943
2018-05-01,1,211,121,332
2018-05-02,6,8447,2483,10930
2018-05-03,1,574,409,983
2018-05-04,17,12335,4918,17253
2018-05-05,11,68392,29125,97517
2018-05-06,7,26103,4769,30872
2018-05-07,4,5691,2461,8152
2018-05-08,3,1469,187,1656
2018-05-09,12,3548,2001,5549
2018-05-10,7,2651,930,3581
2018-05-11,15,8064,2940,11004
2018-05-12,4,2951,999,3950
2018-05-13,3,1282,418,1700
2018-05-14,10,40917,7083,48000
2018-05-16,3,3638,1419,5057
2018-05-17,3,5620,1932,7552
2018-05-18,8,14173,3597,17770
2018-05-19,1,3613,1305,4918
2018-05-20,24,18710,5836,24546
2018-05-21,16,4224,1498,5722
2018-05-22,30,14593,19760,34353
2018-05-23,35,105344,33156,138500
2018-05-24,29,29772,10187,39959
2018-05-25,21,10396,6948,17344
2018-05-26,38,22359,8824,31183
2018-05-27,15,7819,3864,11683
2018-05-28,10,1311,711,2022
2018-05-29,25,11914,4503,16417
2018-05-30,13,4856,1868,6724
2018-05-31,12,32789,3502,36291
2018-06-01,10,15439,3021,18460
2018-06-02,15,10157,3692,13849
2018-06-03,6,695,379,1074
2018-06-04,2,7200,1121,8321
2018-06-05,2,100,108,208
2018-06-06,2,60,104,164
2018-06-07,5,1080,561,1641
2018-06-08,7,10691,2385,13076
2018-06-09,15,52552,8851,61403
2018-06-10,24,7035,2779,9814
2018-06-11,2,70,70,140
2018-06-12,2,10195,1987,12182
2018-06-13,3,989,439,1428
2018-06-14,1,977,121,1098
2018-06-15,19,84995,15421,100416
2018-06-16,22,24017,11690,35707
2018-06-17,48,19814,6550,26364
2018-06-18,4,371,291,662
2018-06-19,33,5968,4096,10064
2018-06-20,13,1438,849,2287
2018-06-21,5,10165,2685,12850
2018-06-22,16,2616,2198,4814
2018-06-23,17,18913,7166,26079
2018-06-24,8,6266,958,7224
2018-06-25,25,13710,4518,18228
2018-06-26,8,10412,31024,41436
2018-06-27,15,3443,1382,4825
2018-06-28,11,3269,4172,7441
2018-06-29,20,40790,8621,49411
2018-06-30,1,54,133,187
2018-07-01,1,12972,4833,17805
2018-07-02,3,319,169,488
2018-07-03,2,4340,1341,5681
2018-07-04,10,8357,1376,9733
2018-07-05,30,6457,2961,9418
2018-07-06,20,14399,3149,17548
2018-07-07,12,47038,6125,53163
2018-07-08,27,72785,8658,81443
2018-07-09,6,102546,10323,112869
2018-07-10,14,46251,8436,54687
2018-07-11,24,38592,8347,46939
2018-07-12,19,10897,4999,15896
2018-07-13,6,2974,1738,4712
2018-07-14,14,5886,4660,10546
2018-07-15,5,9857,7786,17643
2018-07-17,1,53,175,228
2018-07-18,4,4338,3596,7934
2018-07-20,5,848,763,1611
2018-07-21,18,5106,2494,7600
2018-07-22,1,47,65,112
2018-07-23,9,2246,1308,3554
2018-07-24,1,17,41,58
2018-07-25,5,2494,1435,3929
2018-07-26,2,3058,994,4052
2018-07-27,3,612,616,1228
2018-07-28,4,1157,555,1712
2018-07-29,6,16790,7871,24661
2018-07-30,8,4264,2700,6964
2018-07-31,12,6493,3101,9594
2018-08-01,19,21323,8693,30016
2018-08-02,1,24,55,79
2018-08-04,2,1641,871,2512
2018-08-05,18,5034,2750,7784
2018-08-06,2,226,157,383
2018-08-07,12,27338,14965,42303
2018-08-08,4,1330,666,1996
2018-08-10,3,404,308,712
2018-08-11,15,34762,7925,42687
2018-08-12,1,3029,866,3895
2018-08-13,4,577,344,921
2018-08-14,4,1758,1227,2985
2018-08-16,4,13723,3885,17608
2018-08-18,2,6494,2109,8603
2018-08-19,2,3593,1718,5311
2018-08-21,5,5524,3296,8820
2018-08-22,3,357,251,608
2018-08-23,6,5859,2382,8241
2018-08-24,3,6071,1921,7992
2018-08-25,13,11947,5113,17060
2018-08-26,1,8685,1575,10260
2018-08-27,1,15,59,74
2018-08-28,10,3243,3262,6505
2018-08-29,1,118,71,189
2018-08-30,1,381,609,990
2018-08-31,3,4226,1530,5756
2018-09-03,1,737,311,1048
2018-09-05,2,16077,3123,19200
2018-09-06,1,1397,728,2125
2018-09-07,6,13894,5273,19167
2018-09-08,5,13190,3845,17035
2018-09-11,4,5326,2009,7335
2018-09-12,3,1666,1528,3194
2018-09-13,5,4599,1617,6216
2018-09-14,9,8196,2182,10378
2018-09-15,2,2277,1240,3517
2018-09-16,6,2909,1453,4362
2018-09-17,25,41526,8587,50113
2018-09-18,16,43308,8647,51955
2018-09-19,8,6325,2512,8837
2018-09-20,14,3474,1466,4940
2018-09-21,2,43293,6856,50149
2018-09-22,1,339,345,684
2018-09-24,2,283,403,686
2018-09-25,4,3138,2908,6046
2018-09-26,3,1202,454,1656
2018-09-28,5,23030,4977,28007
2018-09-29,3,3664,1097,4761
2018-10-01,1,2550,1678,4228
2018-10-02,3,645,634,1279
2018-10-04,13,17611,8112,25723
2018-10-05,16,5687,3187,8874
2018-10-06,8,3550,1600,5150
2018-10-07,1,638,473,1111
2018-10-08,4,41198,3919,45117
2018-10-09,8,6462,1650,8112
2018-10-10,3,9736,3013,12749
2018-10-11,2,587,220,807
2018-10-12,8,47292,9432,56724
2018-10-13,5,1867,809,2676
2018-10-14,8,102893,15697,118590
2018-10-15,8,13974,4400,18374
2018-10-16,7,2823,848,3671
2018-10-17,7,4057,3077,7134
2018-10-18,12,15350,7591,22941
2018-10-19,7,410305,20504,430809
2018-10-20,9,11413,1801,13214
2018-10-21,7,48668,5782,54450
2018-10-22,17,182378,19647,202025
2018-10-23,9,23450,5700,29150
2018-10-25,20,197539,66770,264309
2018-10-26,17,48219,10273,58492
2018-10-27,27,20294,6815,27109
2018-10-29,3,10421,4921,15342
2018-10-31,3,6596,1336,7932
2018-11-01,10,12912,3727,16639
2018-11-02,13,11487,2176,13663
2018-11-03,23,54107,11731,65838
2018-11-06,9,46473,10849,57322
2018-11-07,7,8598,7103,15701
2018-11-08,1,574,386,960
2018-11-09,6,2608,23006,25614
2018-11-10,7,69013,7059,76072
2018-11-11,2,5562,1308,6870
2018-11-12,2,84422,1909,86331
2018-11-14,8,5613,1758,7371
2018-11-15,17,25577,8789,34366
2018-11-16,3,3912,1516,5428
2018-11-17,9,29052,6672,35724
2018-11-19,20,6486,2799,9285
2018-11-20,6,5426,3467,8893
2018-11-21,8,4862,2102,6964
2018-11-22,1,508,780,1288
2018-11-23,1,3887,2202,6089
2018-11-25,1,65,75,140
2018-11-26,15,57003,21945,78948
2018-11-27,4,6238,2194,8432
2018-11-28,2,2367,1105,3472
2018-11-29,13,38228,8634,46862
2018-11-30,5,1095,468,1563
2018-12-01,17,19521,1961,21482
2018-12-02,4,3258,1702,4960
2018-12-03,4,5462,2337,7799
2018-12-04,1,26,69,95
2018-12-05,7,40987,8557,49544
2018-12-07,1,6206,1356,7562
2018-12-08,1,158,124,282
2018-12-09,16,17975,5553,23528
2018-12-11,16,17303,6388,23691
2018-12-12,1,332,226,558
2018-12-13,1,475,345,820
2018-12-14,5,71381,7074,78455
2018-12-15,5,12220,2275,14495
2018-12-16,4,6995,2059,9054
2018-12-17,1,373,210,583
2018-12-18,8,6633,2287,8920
2018-12-19,28,33748,11404,45152
2018-12-20,8,4060,2154,6214
2018-12-21,7,50459,8535,58994
2018-12-22,24,5517,2625,8142
2018-12-23,11,67762,9791,77553
2018-12-24,12,9813,3055,12868
2018-12-25,6,17520,5211,22731
2018-12-26,13,10285,5202,15487
2018-12-27,13,1020,524,1544
2018-12-28,2,2356,1139,3495
2018-12-30,2,1186,436,1622
2018-12-31,3,15889,5290,21179
2019-01-01,4,34171,7464,41635
2019-01-03,15,181542,10939,192481
2019-01-04,10,22553,9493,32046
2019-01-05,16,24498,7478,31976
2019-01-06,3,14995,2848,17843
2019-01-07,8,40677,10760,51437
2019-01-08,1,7105,2380,9485
2019-01-09,14,30277,8877,39154
2019-01-10,5,3466,1177,4643
2019-01-11,11,35409,9329,44738
2019-01-12,1,22,69,91
2019-01-13,5,8447,2047,10494
2019-01-14,2,5966,2652,8618
2019-01-15,1,30698,2212,32910
2019-01-16,5,1926,873,2799
2019-01-17,7,3581,3392,6973
2019-01-18,1,109,103,212
2019-01-19,4,2187,1180,3367
2019-01-21,5,18845,4151,22996
2019-01-22,7,7677,3299,10976
2019-01-23,4,1277,927,2204
2019-01-25,16,17118,7056,24174
2019-01-26,1,80,50,130
2019-01-27,10,156622,25261,181883
2019-01-28,5,38986,5044,44030
2019-01-29,1,21,55,76
2019-01-30,6,89247,8769,98016
2019-01-31,12,11054,3394,14448
2019-02-01,19,29826,7645,37471
2019-02-02,8,63416,6814,70230
2019-02-03,7,45263,5365,50628
2019-02-04,5,51947,8071,60018
2019-02-05,2,1582,1199,2781
2019-02-06,4,1494,879,2373
2019-02-07,9,21257,5255,26512
2019-02-08,5,24828,2316,27144
2019-02-09,5,70068,6486,76554
2019-02-10,1,194,144,338
2019-02-11,20,10474,3073,13547
2019-02-12,2,4908,1557,6465
2019-02-13,7,23846,3828,27674
2019-02-14,9,6275,2763,9038
2019-02-15,1,15283,2339,17622
2019-02-16,3,12196,3096,15292
2019-02-17,5,1773,1230,3003
2019-02-18,2,13559,2641,16200
2019-02-19,1,629,403,1032
2019-02-20,4,29255,9071,38326
2019-02-21,24,5189,2801,7990
2019-02-22,14,56278,4931,61209
2019-02-23,2,24875,2112,26987
2019-02-25,3,36197,3781,39978
2019-02-26,11,48077,4168,52245
2019-02-27,11,44827,12554,57381
2019-02-28,5,1908,909,2817
2019-03-01,11,17469,6531,24000
2019-03-02,19,31903,6796,38699
2019-03-03,27,48319,13852,62171
2019-03-04,2,457,381,838
2019-03-05,4,4682,1028,5710
2019-03-06,3,114601,11407,126008
2019-03-07,14,48824,5909,54733
2019-03-08,9,7304,2518,9822
2019-03-09,8,12508,2190,14698
2019-03-11,7,799,638,1437
2019-03-12,18,4895,3977,8872
2019-03-13,3,212,291,503
2019-03-14,7,37552,5462,43014
2019-03-15,6,3495,2038,5533
2019-03-16,14,10358,6613,16971
2019-03-17,19,14478,5406,19884
2019-03-20,1,43,74,117
2019-03-21,8,1074,1068,2142
2019-03-22,11,3318,2023,5341
2019-03-24,6,2495,2361,4856
2019-03-25,2,4240,1284,5524
2019-03-26,11,8131,4288,12419
2019-03-27,3,395,377,772
2019-03-28,2,303,462,765
2019-03-29,7,1762,1367,3129
2019-03-30,30,76027,16232,92259
2019-03-31,5,2620,1119,3739
2019-04-01,16,11852,3460,15312
2019-04-02,8,24447,4911,29358
2019-04-03,10,5358,2683,8041
2019-04-04,8,3206,1225,4431
2019-04-05,22,45368,5274,50642
2019-04-06,14,20034,4120,24154
2019-04-07,9,7461,2174,9635
2019-04-08,8,6422,1623,8045
2019-04-09,5,3750,1262,5012
2019-04-10,11,5863,2808,8671
2019-04-11,5,24439,3883,28322
2019-04-12,18,10059,4188,14247
2019-04-13,19,9773,6373,16146
2019-04-14,33,32282,8034,40316
2019-04-15,8,10898,3670,14568
2019-04-16,7,705,653,1358
2019-04-17,2,8142,1122,9264
2019-04-18,2,64,154,218
2019-04-19,30,133494,22746,156240
2019-04-20,6,18584,4234,22818
2019-04-21,8,78791,10916,89707
2019-04-22,4,39690,5027,44717
2019-04-23,41,52087,20482,72569
2019-04-24,16,27901,8459,36360
2019-04-25,7,5092,3607,8699
2019-04-26,6,1515,1199,2714
2019-04-27,8,602,691,1293
2019-04-28,5,1590,696,2286
2019-04-29,26,76765,10583,87348
2019-04-30,9,22532,13666,36198
2019-05-01,2,322,588,910
2019-05-03,7,23448,6915,30363
2019-05-04,7,4916,2296,7212
2019-05-05,11,3373,2176,5549
2019-05-06,8,8661,2411,11072
2019-05-07,10,4588,2901,7489
2019-05-08,6,1587,1628,3215
2019-05-09,17,32995,5228,38223
2019-05-10,15,32923,7758,40681
2019-05-11,3,1606,690,2296
2019-05-12,11,13627,3808,17435
2019-05-13,4,5862,1447,7309
2019-05-14,4,753,617,1370
2019-05-15,4,843,544,1387
2019-05-16,8,9506,2772,12278
2019-05-17,6,165840,6943,172783
2019-05-18,5,19056,4088,23144
2019-05-19,16,14781,6462,21243
2019-05-21,6,793,753,1546
2019-05-22,6,18260,6609,24869
2019-05-23,27,3697,2300,5997
2019-05-24,29,26457,7854,34311
2019-05-25,21,37151,7289,44440
2019-05-26,1,71,98,169
2019-05-27,9,1026,780,1806
2019-05-28,3,269,345,614
2019-05-29,4,2141,978,3119
2019-05-30,9,1436,1019,2455
2019-05-31,14,38870,9736,48606
2019-06-01,4,9274,1438,10712
2019-06-02,1,127,146,273
2019-06-03,1,199,150,349
2019-06-04,6,596,1016,1612
2019-06-05,1,44,85,129
2019-06-07,1,1511,718,2229
2019-06-09,2,93,122,215
2019-06-10,5,3452,1577,5029
2019-06-11,3,4455,791,5246
2019-06-12,4,7727,2911,10638
2019-06-13,8,19413,2934,22347
2019-06-14,4,2342,1624,3966
2019-06-15,16,56718,6281,62999
2019-06-16,5,1616,1205,2821
2019-06-17,7,418,477,895
2019-06-18,5,30661,2889,33550
2019-06-19,10,3911,4488,8399
2019-06-20,8,95199,7143,102342
2019-06-21,7,2041,1004,3045
2019-06-22,2,4380,662,5042
2019-06-23,8,51963,10293,62256
2019-06-24,26,12413,4833,17246
2019-06-25,22,4752,3194,7946
2019-06-26,19,1234,1227,2461
2019-06-27,6,1414,1120,2534
2019-06-28,14,18958,23771,42729
2019-06-29,2,6571,2370,8941
2019-06-30,2,413,287,700
2019-07-01,3,2263,1548,3811
2019-07-02,7,9653,2771,12424
2019-07-03,6,3746,1445,5191
2019-07-04,2,4579,1054,5633
2019-07-06,6,14217,2011,16228
2019-07-07,10,5667,2453,8120
2019-07-08,21,3413,2054,5467
2019-07-09,17,3468,2338,5806
2019-07-10,3,10892,1907,12799
2019-07-11,4,5931,2287,8218
2019-07-12,12,3873,2007,5880
2019-07-13,12,2803,1620,4423
2019-07-14,3,65597,3308,68905
2019-07-15,2,131,189,320
2019-07-16,15,23648,5282,28930
2019-07-17,12,85597,5218,90815
2019-07-18,15,1524,1191,2715
2019-07-19,5,39317,2578,41895
2019-07-20,5,268,239,507
2019-07-21,6,177787,8440,186227
2019-07-22,21,99189,15023,114212
2019-07-23,2,292,246,538
2019-07-24,3,2065,407,2472
2019-07-25,9,6560,2261,8821
2019-07-26,7,16583,3862,20445
2019-07-27,14,19589,5286,24875
2019-07-28,21,33520,5828,39348
2019-07-29,1,1912,649,2561
2019-07-30,1,211,243,454
2019-07-31,5,401,530,931
2019-08-01,5,51150,3031,54181
2019-08-02,2,62,78,140
2019-08-03,5,2074,1080,3154
2019-08-04,32,107448,13534,120982
2019-08-05,2,4018,1276,5294
2019-08-06,7,1286,1004,2290
2019-08-07,8,24776,4752,29528
2019-08-08,5,452,301,753
2019-08-09,27,8372,4788,13160
2019-08-10,6,24948,3846,28794
2019-08-11,6,3066,1910,4976
2019-08-13,1,20,52,72
2019-08-14,2,20837,2145,22982
2019-08-15,13,32516,5111,37627
2019-08-16,9,37507,11491,48998
2019-08-17,6,18036,8771,26807
2019-08-18,19,39685,15616,55301
2019-08-19,3,5110,3384,8494
2019-08-20,16,8038,6210,14248
2019-08-21,2,311,280,591
2019-08-23,1,301,146,447
2019-08-24,15,7078,3664,10742
2019-08-25,1,41,76,117
2019-08-26,6,5730,2286,8016
2019-08-27,13,18913,6317,25230
2019-08-28,10,5288,3255,8543
2019-08-29,3,246,228,474
2019-08-30,7,58659,3154,61813
2019-09-03,6,1441,1657,3098
2019-09-04,5,5073,1887,6960
2019-09-05,9,21049,7080,28129
2019-09-06,7,839,818,1657
2019-09-07,23,41134,4976,46110
2019-09-08,2,391,514,905
2019-09-09,22,20732,7042,27774
2019-09-10,14,3311,1711,5022
2019-09-11,11,63708,4388,68096
2019-09-12,17,7710,5131,12841
2019-09-13,6,2014,1242,3256
2019-09-14,16,2993,2213,5206
2019-09-15,9,2124,2058,4182
2019-09-16,7,510,637,1147
2019-09-17,21,15361,3844,19205
2019-09-18,10,15681,2892,18573
2019-09-19,10,5532,1783,7315
2019-09-20,3,2412,696,3108
2019-09-21,6,536,515,1051
2019-09-22,13,11492,2776,14268
2019-09-23,8,6733,2768,9501
2019-09-24,18,60610,3429,64039
2019-09-25,3,680,322,1002
2019-09-26,24,29895,9040,38935
2019-09-27,15,36918,9891,46809
2019-09-28,5,27587,3922,31509
2019-09-29,1,52,125,177
2019-09-30,2,210,250,460
2019-10-01,17,8611,2954,11565
2019-10-02,8,2576,1868,4444
2019-10-03,4,849,1117,1966
2019-10-04,6,4109,1659,5768
2019-10-05,5,302,390,692
2019-10-06,8,6441,6624,13065
2019-10-07,9,14413,3823,18236
2019-10-08,6,2012,972,2984
2019-10-09,26,65533,18011,83544
2019-10-10,7,3511,1663,5174
2019-10-11,1,183,318,501
2019-10-12,23,13408,6090,19498
2019-10-13,11,88605,13339,101944
2019-10-14,27,3890,2147,6037
2019-10-15,7,32586,6211,38797
2019-10-16,3,3019,1181,4200
2019-10-17,5,7324,8269,15593
2019-10-21,3,3038,1889,4927
2019-10-22,5,40371,8949,49320
2019-10-23,5,8387,3254,11641
2019-10-24,11,75950,5281,81231
2019-10-25,10,30603,9163,39766
2019-10-26,4,47815,3885,51700
2019-10-27,2,4945,2502,7447
2019-10-28,17,19454,5826,25280
2019-10-29,1,59658,4111,63769
2019-10-30,15,77016,6822,83838
2019-10-31,2,513,368,881
2019-11-01,2,5835,1569,7404
2019-11-04,4,4233,1708,5941
2019-11-05,5,930,678,1608
2019-11-06,9,9259,3432,12691
2019-11-07,11,2591,1205,3796
2019-11-08,9,5693,2094,7787
2019-11-09,2,359,324,683
2019-11-10,4,366,446,812
2019-11-11,1,6504,1101,7605
2019-11-12,3,7854,3557,11411
2019-11-13,4,2202,1016,3218
2019-11-14,9,2494,2168,4662
2019-11-15,3,10853,1691,12544
2019-11-16,3,6284,2239,8523
2019-11-18,5,1904,860,2764
2019-11-19,9,12259,7000,19259
2019-11-20,3,1237,1057,2294
2019-11-21,7,19217,5793,25010
2019-11-22,10,69008,28903,97911
2019-11-23,13,80335,23267,103602
2019-11-24,22,163946,30788,194734
2019-11-25,5,21184,10616,31800
2019-11-26,3,848,764,1612
2019-11-27,7,37938,6779,44717
2019-11-29,1,383,186,569
2019-12-01,12,27291,18773,46064
2019-12-02,2,58042,10971,69013
2019-12-03,4,619,700,1319
2019-12-04,1,2271,738,3009
2019-12-07,13,47218,13550,60768
2019-12-08,1,661,777,1438
2019-12-09,1,280,202,482
2019-12-10,6,3918,1442,5360
2019-12-11,1,50,52,102
2019-12-12,17,247879,24779,272658
2019-12-13,5,136142,5440,141582
2019-12-14,3,70787,6019,76806
2019-12-17,3,932,1308,2240
2019-12-18,5,18175,2544,20719
2019-12-19,8,26175,5068,31243
2019-12-20,5,4232,2514,6746
2019-12-21,10,24476,3271,27747
2019-12-22,27,29700,8854,38554
2019-12-23,3,63534,13891,77425
2019-12-24,7,580,833,1413
2019-12-26,20,6458,4614,11072
2019-12-27,2,6730,2426,9156
2019-12-28,19,14726,16855,31581
2019-12-29,24,45314,9131,54445
2019-12-30,47,32460,9123,41583
2019-12-31,4,827,798,1625
2020-01-01,3,31542,6199,37741
2020-01-04,3,502,512,1014
2020-01-05,4,32076,2513,34589
2020-01-06,2,215,178,393
2020-01-07,13,44445,9930,54375
2020-01-08,2,3287,1838,5125
2020-01-09,2,67746,8454,76200
2020-01-10,15,70724,8690,79414
2020-01-11,6,9325,3028,12353
2020-01-12,10,17415,5364,22779
2020-01-13,1,221,142,363
2020-01-14,7,4739,3563,8302
2020-01-15,1,272,372,644
2020-01-16,6,5166,1988,7154
2020-01-17,20,47977,8722,56699
2020-01-18,2,40366,3879,44245
2020-01-19,3,6417,2362,8779
2020-01-20,3,2197,997,3194
2020-01-21,6,1082,608,1690
2020-01-22,11,13937,6683,20620
2020-01-23,7,2439,1521,3960
2020-01-24,1,12482,2522,15004
2020-01-25,11,18656,3404,22060
2020-01-26,2,201,181,382
2020-01-27,3,1771,786,2557
2020-01-28,5,40610,9017,49627
2020-01-29,10,43445,7591,51036
2020-01-30,5,27453,7669,35122
2020-01-31,15,98256,16083,114339
2020-02-01,7,10064,3748,13812
2020-02-02,14,17490,11946,29436
2020-02-03,16,15229,6646,21875
2020-02-04,4,5628,3985,9613
2020-02-05,10,28182,14167,42349
2020-02-06,25,65228,18368,83596
2020-02-07,7,3153,1470,4623
2020-02-08,11,18541,5487,24028
2020-02-09,5,11861,5399,17260
2020-02-10,21,11741,8310,20051
2020-02-12,6,25173,3268,28441
2020-02-13,2,15990,1761,17751
2020-02-14,8,23745,3435,27180
2020-02-15,19,12700,6263,18963
2020-02-16,3,6473,3548,10021
2020-02-17,4,571,284,855
2020-02-18,5,1170,1194,2364
2020-02-19,5,8527,2542,11069
2020-02-20,16,4933,3248,8181
2020-02-21,4,74616,7302,81918
2020-02-22,5,3419,2292,5711
2020-02-25,14,70099,9754,79853
2020-02-26,9,3974,2002,5976
2020-02-27,2,774,801,1575
2020-02-28,2,678,715,1393
